MSE: 167.28582706766917
SNR: 68.87982917575016
