MSE: 475.6728057861328
SNR: 68.27313231368838
