MSE: 1317.6906433105469
SNR: 63.84422491572829
