MSE: 356.21697998046875
SNR: 69.52906937521217
